   2.0000000e+00  -5.9677719e-01  -1.8870134e-01  -4.4266525e-01  -4.2132450e-02  -1.7327724e+00  -1.9794726e-01  -6.4314295e-01   3.3465530e-01   3.4140855e-01  -9.6144136e-02
   2.0000000e+00   1.8251634e+00  -1.3167874e+00   2.8893175e-01   7.3863114e-01  -1.5195344e-01   2.2930683e-01  -2.2170637e-01  -9.7692344e-01   7.6632830e-01   6.4656342e-02
   2.0000000e+00   5.9956717e-01  -6.5509033e-02   4.7427503e-01   6.5946900e-02  -3.7185358e-01   1.9850391e+00   1.5446749e-01   1.2843107e+00  -2.1622446e-01   5.8280587e-01
   2.0000000e+00  -3.1962752e-01   9.1888418e-02  -2.6406790e-01  -2.8756315e-01   2.7144059e-02  -9.4960536e-02  -1.0503214e+00   6.9189460e-02   9.6727598e-01   3.9759140e-01
   2.0000000e+00  -1.2481125e+00  -1.0594976e-01   2.0896615e+00  -8.2930661e-01   4.2416597e-01   1.7494267e+00  -1.0484100e+00   5.0927886e-02  -8.3914876e-01   3.7050500e-01
   2.0000000e+00   3.3678343e-01  -8.3974955e-01   1.0712185e+00   3.3129693e-01  -2.2518662e+00  -1.0983728e+00   5.1308643e-02   3.8348059e-01   1.8704605e+00  -4.8475918e-01
   2.0000000e+00  -4.7356524e-01  -1.7627833e+00   4.4482983e-01   1.0956437e+00   1.7195271e+00  -1.7791125e+00   3.2014861e-01  -1.3576680e+00   2.1220525e-01  -5.4206931e-01
   2.0000000e+00   1.2711842e+00  -2.7649580e-01   9.7026440e-01  -1.8061366e-02  -1.4128642e+00  -2.8840016e-01  -4.9947307e-01  -2.3562474e+00  -7.5326574e-01  -1.3691313e+00
   2.0000000e+00   2.0003587e+00   1.1927032e+00   3.6042339e-01  -1.0891810e+00  -5.3280152e-01  -2.2241759e-01   1.3619625e+00  -7.0457009e-02  -4.7990908e-01  -1.0672206e+00
   2.0000000e+00   7.7458156e-01   5.5213808e-01   4.0364087e-01   1.9744896e+00  -8.8731876e-01   5.9748553e-01   1.9214575e+00   2.4512153e+00   5.9286358e-01   4.1256817e-01
   2.0000000e+00  -3.4928823e-02  -1.5765121e+00   1.4290212e+00   2.2891350e-01   4.4267773e-01   7.0395801e-01   1.5001171e-01   6.5554977e-01   1.1351626e+00   4.1034490e-01
   2.0000000e+00  -1.2345444e+00   2.4622540e+00   3.5194208e-02   1.6022639e+00  -1.4540595e+00   8.3521018e-01   3.6815902e-01   1.2029692e+00   1.5205180e+00  -9.8710716e-01
   2.0000000e+00   6.4537176e-01   1.0343755e+00   6.9752007e-01  -6.9045105e-01  -1.3209267e-01  -1.4577889e+00   1.5163006e+00   3.3078503e-01  -5.7881800e-01   1.5765197e+00
   2.0000000e+00  -9.2854969e-01  -4.1915983e-01   2.6332548e-01   5.7228131e-01   5.1296865e-01   2.0131427e+00  -1.6031744e+00  -9.5167876e-01   1.1229351e+00   8.7824810e-01
   2.0000000e+00   4.3871699e-01  -4.6120170e-01  -1.2828394e+00  -2.2932011e-01   6.1646072e-01   1.1964346e+00   6.5072559e-01   1.5979454e+00   1.0793804e+00  -9.6752158e-01
   2.0000000e+00   1.4187953e+00   2.1055292e-01  -2.5457436e+00   7.5090643e-01  -2.2625596e+00  -1.0315651e+00   9.2156682e-01   4.5267418e-01  -7.8096251e-02  -4.8796456e-02
   2.0000000e+00   2.3107130e+00  -8.8662413e-01  -5.1171529e-01  -2.0624494e+00  -1.6458378e-01   1.2361819e+00   2.0334511e+00   4.9280731e-01  -9.3932072e-01  -4.0583277e-01
   2.0000000e+00   7.9880833e-01  -8.0214398e-01   9.6837584e-01  -1.0905869e+00   8.9735978e-01   5.2743406e-01   9.2122051e-02   2.5245260e-03   2.0834346e-01   2.1870443e-01
   2.0000000e+00   1.0586322e+00   9.2944160e-02  -2.5206170e-01   2.4796067e-01  -9.9319088e-01  -8.5484127e-01  -9.2850502e-01  -9.3066541e-01   4.5569559e-01   2.1890521e+00
   2.0000000e+00  -2.0856381e+00  -5.1523482e-01   1.3910464e+00  -1.7460895e+00  -9.2019059e-01  -2.5943984e-01  -5.1815017e-01   1.5569631e+00   6.9765679e-01   1.0673805e-01
   2.0000000e+00  -1.5849528e+00  -1.4272197e+00  -4.2257674e-01   1.3429423e+00   2.1196357e-01   1.1790825e+00   1.5118590e-01  -1.9312904e-01   1.2488413e+00   2.9894358e-01
   2.0000000e+00  -1.5993734e-01  -6.4837922e-01   1.6919227e-01   4.0942914e-01  -8.1587514e-01   1.4021395e+00  -1.5317235e+00   1.9593050e-01  -6.2197104e-01  -4.3966904e-02
   2.0000000e+00  -1.7118117e-01  -1.8814546e+00  -1.3194159e+00  -8.3417811e-01  -1.4142409e+00  -7.4887530e-01   5.0085887e-01   1.1043129e-01  -8.1403915e-01  -3.2717488e+00
   2.0000000e+00  -1.1047020e-02  -4.0175134e-01   1.0929799e-02   6.0654301e-01   1.8306539e+00  -4.8099888e-01   1.5386286e+00  -3.0949696e-01  -9.5607425e-01   9.5789164e-01
   1.0000000e+00  -7.1289756e-01   2.0685175e-01  -1.2729256e+00  -1.3479134e-01  -1.3444719e+00   6.7277003e-01   1.2990782e-01   4.2716417e-01  -2.9135609e-01  -2.7924371e-01
   2.0000000e+00  -5.6618046e-01  -1.6606926e+00   7.0157720e-02  -5.3007409e-01   6.4929574e-01  -9.5461622e-01   5.8489991e-01  -1.8146453e+00  -4.9721148e-01  -7.6104024e-01
   2.0000000e+00  -1.5921916e+00   8.8721659e-01   5.4096679e-02  -8.7947197e-01  -1.3131930e+00  -1.1272909e-01  -1.1292797e+00  -5.4033614e-01   1.6538663e-01  -3.9446889e-01
   2.0000000e+00   2.8325357e-01   8.9223425e-01   9.4141890e-01   2.9264671e+00   1.7368815e+00   7.7265835e-01  -4.9853221e-01  -2.9977590e-01  -2.8921135e-01   2.2268880e-01
   2.0000000e+00   1.2666401e+00   3.3651685e-01   4.7810148e-01   6.3912926e-01   3.9170432e-01  -6.9294364e-01   2.6156558e-01  -4.2386950e-01   1.3437043e+00   1.9302689e-01
   1.0000000e+00  -2.3331865e-01   2.8661206e-01  -2.0199726e+00  -1.3049173e+00   1.0287079e+00   4.1013601e-01   8.1634474e-01  -8.1583662e-01   1.3034493e-01  -1.6022518e+00
   2.0000000e+00   1.2314711e+00   5.6672111e-01   2.0611171e-01  -6.3133587e-01   1.1321738e+00  -1.9558498e+00  -9.7473057e-01   4.6207077e-01   9.5998561e-01  -6.9482769e-01
   2.0000000e+00   8.3049156e-01   1.2964957e+00   3.8066643e-01  -2.6965414e-01  -4.8620241e-01   1.7203154e+00  -9.2569794e-02   8.3003522e-01   1.5414644e-01  -1.8816407e+00
   1.0000000e+00   1.8145423e+00   5.0882114e-02   9.1329494e-01   1.8069554e+00   1.5987669e-01   1.7030149e-01  -5.7701307e-01  -6.4017362e-01   2.6084802e+00  -8.2745087e-01
   2.0000000e+00  -1.4980917e-01  -2.2732738e-01   1.1707689e+00   9.6201354e-01  -1.0298571e+00  -2.4641181e+00   2.7801976e-01  -8.2612280e-01   1.3090636e-02  -7.3037793e-01
   2.0000000e+00   4.9814896e-01   1.4342083e+00   1.5297622e+00  -2.2582744e+00   7.2996746e-01  -1.9960487e+00   6.2114204e-01  -1.1233966e+00  -7.0761527e-01  -7.2648473e-01
   1.0000000e+00   2.0533803e+00   3.3858866e-01  -6.4700316e-01  -7.3185309e-01   2.5651963e-01   3.1179383e-01  -7.0562316e-01  -1.1831700e+00   1.1968052e+00  -1.1539148e+00
   2.0000000e+00  -4.3180503e-01  -9.2582572e-01  -9.5358013e-01  -5.3708031e-01  -1.2140763e+00   3.4285545e-01   3.3224543e-01  -1.1621790e+00   1.5395678e+00   1.9803558e+00
   2.0000000e+00   3.6601999e-01   5.6082198e-01  -9.3481230e-01   1.6043133e+00  -2.4875166e-01   1.6026201e+00   1.9783818e+00   1.1673124e+00   1.3271415e+00  -1.3949395e+00
   2.0000000e+00   7.6235216e-01  -1.5465658e+00  -2.0496131e+00  -1.4886137e+00   9.0044566e-01  -5.0717238e-01  -1.1297258e+00  -6.2372405e-01  -4.8193763e-01  -1.4713290e-01
   2.0000000e+00  -3.3264702e-01  -2.3271623e-01  -8.8341974e-01   9.4986520e-02  -9.8384997e-01  -1.7335738e+00   1.8214878e+00   6.1107972e-01  -3.3583480e-01   1.2841351e-01
   2.0000000e+00  -4.1549848e-01   6.5484751e-01  -1.9169704e+00   7.3319321e-01   1.2166148e+00  -1.2735206e+00  -1.3782821e-01   1.7252665e+00  -4.9565990e-01   2.0648899e+00
   1.0000000e+00  -1.0211568e+00   2.8513379e-01   6.4305072e-01  -1.9372615e-01   1.1904627e+00   7.1753192e-01  -1.8521220e-01  -2.0847071e+00  -4.4388104e-01  -5.9165457e-01
   2.0000000e+00   5.8490530e-01   1.5021202e-01  -1.3495482e+00  -1.1259732e+00  -4.3510713e-01  -8.8344968e-01   1.5819231e+00  -5.5756867e-01  -5.5982382e-01  -6.2089893e-01
   1.0000000e+00  -1.0665913e+00   2.7929102e-01  -4.0028175e-02  -1.0830413e+00   4.8364720e-02   3.5817349e-01   5.8742941e-01   2.0501512e-01   1.2468827e+00  -7.4909135e-01
   2.0000000e+00  -1.4310747e+00   8.5669559e-01  -3.4898887e-01   8.6062837e-01   5.9105912e-01  -1.5321164e+00   2.3608340e+00   4.7342980e-01  -5.0544959e-01   1.4888983e+00
   2.0000000e+00  -1.0309730e+00   2.0368697e+00   7.3540700e-01   9.3421339e-01   2.4299829e-01   1.0926898e+00   4.8651259e-01   1.2293704e+00   2.9618895e+00   9.6697659e-02
   2.0000000e+00  -1.3893780e+00   1.9837449e+00  -4.3510736e-01   4.5855576e-01  -2.0461885e-01  -4.2146771e-01   6.0893905e-01   3.1200722e-01  -3.5543317e-01   1.6501433e+00
   2.0000000e+00   7.9099942e-01  -1.7886101e+00  -1.1422870e-01  -9.5760454e-01   9.2460580e-01  -6.5189187e-01  -1.2358969e-01   6.1991745e-02  -1.4551482e+00  -7.4988928e-01
   2.0000000e+00  -9.2289234e-01   7.8620581e-01   4.5666807e-01  -1.5441413e-01  -1.5929658e+00  -4.3904000e-01   7.0002881e-02  -1.1845526e+00  -4.1698588e-01   4.0276375e-01
   2.0000000e+00  -5.3121688e-01  -5.1617005e-01   3.8928837e-01   3.1679104e-01   1.6162630e-01   7.9562671e-01   5.6313128e-01   1.5854857e+00   3.6060836e-01   7.6956469e-01
   2.0000000e+00  -5.6018617e-02   1.0874156e+00  -9.5504566e-02  -9.0777253e-01   2.6690705e+00   1.0924880e+00   1.1574845e+00  -1.1216618e+00  -1.2160803e+00   1.0970516e+00
   2.0000000e+00  -1.8222437e+00  -1.3650484e+00  -3.0415573e-01   1.3896540e-01  -1.8983332e-01   9.5125659e-01  -1.0256517e+00   5.9882299e-01  -1.3776794e+00  -1.8456960e-01
   1.0000000e+00   3.9901732e-01   3.2861618e-02   1.6729490e-01  -1.5353445e+00   1.5900716e-01   7.1196010e-01  -7.4421244e-01  -7.7053675e-01  -9.0124716e-01   1.8384721e+00
   2.0000000e+00  -3.1431386e-01   4.4585115e-01  -3.8375322e-01  -7.1524967e-01   8.3820850e-01   9.7877347e-01   3.5117917e-01  -6.1017806e-01   4.7998157e-01  -1.0824216e+00
   1.0000000e+00   6.2369368e-01  -4.0199588e-01   1.8294538e+00  -3.2333109e-02  -3.8246272e-02   6.8567496e-01   2.5265904e+00  -3.5863026e-01  -1.1862602e+00  -1.0590118e+00
   2.0000000e+00   1.0136936e+00   1.1667268e+00  -3.2126139e-01   1.1555750e+00   2.2186846e+00   8.7665410e-01  -1.2842877e+00  -1.6616778e+00   2.4158445e-01  -9.7247019e-01
   2.0000000e+00  -1.0843727e-01   1.1451386e+00  -9.1083434e-01  -1.7056407e+00   1.2802197e+00  -2.2345732e+00  -7.2213085e-01   7.1907546e-01  -4.5068647e-01   8.3766014e-01
   2.0000000e+00  -1.1011520e+00   3.1472134e-01   5.4975688e-01   6.4490306e-01  -1.1375219e+00   9.5402088e-01   9.2041746e-01  -1.1415072e+00  -8.6996074e-01   6.7598015e-02
   2.0000000e+00  -7.4356288e-01   3.4577815e-01   7.7523443e-01  -1.2375341e+00   3.7493419e-01  -1.0054929e+00   1.6867281e+00  -1.0660964e+00   1.2292688e+00  -8.7964150e-01
   2.0000000e+00  -1.9524399e+00   1.1277545e+00   2.9320884e-01   1.0572641e+00   7.0734297e-01  -1.6425973e-01   3.0826786e-01  -5.6534341e-01  -2.0485727e-01   2.3652220e+00
   2.0000000e+00  -5.5166152e-01   1.4797376e+00   1.0752930e+00   1.4468826e+00   1.3957246e+00   1.2405139e+00   9.7712330e-01   1.7249948e+00   2.7313776e-01  -1.9817493e+00
   2.0000000e+00   6.5506994e-01   1.1364108e+00   4.3761754e-01  -1.0979272e+00   1.3853560e+00  -6.2816993e-01  -8.6640979e-01   1.5330168e+00  -1.0333660e+00  -6.6103631e-01
   2.0000000e+00   1.1692247e+00   2.1059688e+00   2.3002537e-02   7.1113298e-01  -6.0157856e-01   5.5273889e-01   1.2678599e-01   1.2130635e-01  -3.1888872e-01  -2.8956346e-01
   2.0000000e+00   7.6189784e-01   7.1991183e-02  -1.4572074e+00  -8.3255166e-02   9.5595491e-02  -3.4684518e-01  -8.5593312e-01   8.4035107e-01   8.2738943e-01   3.0986667e-01
   1.0000000e+00  -4.4751952e-01  -8.3309225e-01  -2.1409624e+00  -8.1161685e-01  -1.1367660e+00   9.3944947e-02  -2.3673960e-01   1.1278261e+00   1.9115143e+00   8.8647064e-01
   2.0000000e+00  -1.4053393e+00  -4.1477600e-01   7.9633218e-01  -1.8845726e-01  -8.5168394e-01  -6.3966864e-02  -2.0557748e-01   6.4165400e-01   2.6245021e-02   1.1947749e+00
   2.0000000e+00  -8.9786761e-01   1.4320732e+00  -1.8280179e-01  -4.6863924e-01   1.4378474e+00   2.4446097e-01   1.1912688e+00   2.6689104e-01   1.4380617e+00  -1.3900244e+00
   2.0000000e+00   1.5170980e+00   1.2358939e+00   1.0030624e+00   4.7847272e-01   2.0785302e-01  -1.4859378e-02   1.5061288e+00  -2.2257399e+00   5.8940627e-01   1.4741216e-01
   2.0000000e+00  -5.8767293e-01   1.3905221e+00  -5.5074228e-01  -9.5351851e-01  -2.1729247e-01   2.8187535e-01  -5.0466648e-01  -4.2283163e-01  -8.9643988e-01   1.0796686e+00
   2.0000000e+00  -1.6404880e+00   1.3021876e+00   1.5984241e-01   1.5271181e-01   1.1397723e+00   3.3768156e-01   2.0038208e-03  -5.4312044e-01  -5.7767755e-01  -7.0508695e-02
   2.0000000e+00   5.5003699e-02   1.1422854e+00  -7.6397202e-01  -1.2683077e+00  -5.8340512e-01   3.6899871e-01   8.6189737e-01  -1.9236466e+00  -3.8912893e-01   6.1059797e-01
   2.0000000e+00   3.6991307e-01   3.1845484e-01   1.1697577e+00   4.0546049e-01   5.0661144e-01  -3.5714446e-01  -3.8575955e-01  -4.0108176e-01   1.3174590e+00   7.0222647e-01
   2.0000000e+00   5.3443945e-01   2.3594206e-01  -8.8137538e-01   9.3100207e-01  -8.2860016e-02  -2.2302191e-01   2.7619741e-01  -1.2467673e+00  -7.3270935e-01  -8.3912827e-01
   1.0000000e+00  -3.4474568e-01   6.4267223e-01   8.6695687e-01  -5.7059354e-02  -6.4244945e-01   5.8932581e-01  -1.3699837e+00  -1.1770850e-01  -1.0137832e-01  -4.9819012e-01
   2.0000000e+00   7.9303308e-01  -2.4725430e+00  -6.2459140e-01  -4.9469841e-01  -1.1853862e+00   1.1767685e+00  -1.2292398e+00   1.6487114e+00   3.5407028e-01   2.0722276e+00
   2.0000000e+00  -1.3364715e-01  -5.2811626e-01  -1.7876469e+00   1.7636934e+00  -6.1071974e-01   1.9694513e+00   8.6568814e-02  -1.1153418e+00  -1.3798270e-01   1.1507352e+00
   2.0000000e+00   6.5208273e-02  -1.3397067e+00   1.8703206e+00  -1.7585557e+00  -7.1829262e-03   6.8774101e-01   7.8404304e-01  -8.5174999e-02  -3.6763691e-01   2.0277256e-01
   1.0000000e+00   5.7960980e-01   6.0253634e-01  -5.4915128e-01  -1.2025712e+00  -7.8905487e-01   1.4175670e-01   1.2903341e+00   3.0396431e-01   1.7787163e+00   3.4237593e-01
   1.0000000e+00  -1.5716531e+00   2.5121138e-01  -8.6102443e-01  -1.9323046e-02   1.1702660e+00   2.6509929e-01   1.6440889e+00  -4.5829215e-01  -9.1438538e-01   5.4304897e-01
   2.0000000e+00  -1.0991208e+00   2.1404491e-01   5.5751908e-01  -2.5147247e+00   3.7823631e-02   1.7419210e-01  -2.8887384e-01   3.9616290e-01   2.5358249e+00  -7.6058690e-01
   2.0000000e+00  -1.5455003e+00  -1.0455988e+00  -1.4850763e+00  -1.8205385e+00  -1.2360491e+00   4.1541302e-01   2.5508743e-02   3.1029952e-01   6.4791987e-01  -8.0942974e-01
   2.0000000e+00   1.4736143e+00  -1.0533436e+00  -1.0547129e+00  -9.2782202e-01   1.3662829e+00  -5.5619747e-01   1.1913006e+00  -2.7246527e+00  -8.7993148e-01   1.3547513e+00
   1.0000000e+00  -4.8209164e-01   5.1516656e-01   8.6920668e-01  -1.7862224e-01   3.0588566e-01   4.5426851e-01   6.5562112e-03   6.6435867e-01  -2.0368732e+00  -1.1726720e+00
   2.0000000e+00   1.8674148e+00   1.5950462e+00   6.7342439e-01  -4.8925216e-01  -1.0664156e+00   1.7419492e+00   2.6176537e+00   2.2613598e+00   1.1682305e+00  -2.3969932e+00
   2.0000000e+00  -5.2287280e-01   1.2601241e+00  -8.4274038e-01  -1.1131524e+00   3.8377005e-01  -4.8826618e-01   1.5357069e+00   2.1903767e-01  -2.3354271e-01   8.0699886e-01
   2.0000000e+00  -1.9197128e+00   1.4674146e+00  -1.6371056e-01  -2.3398893e-01  -2.3497441e+00   4.3715570e-02   8.7285063e-01  -2.8571682e-01   4.9173113e-01   3.3462394e-01
   2.0000000e+00  -1.4165769e-01  -3.4268963e-01  -2.1625840e+00  -2.9042827e-01   5.4658951e-01  -4.4000653e-02   1.2869771e+00   3.9986341e-01  -8.4840726e-01  -7.0755605e-01
   2.0000000e+00  -6.6384971e-01  -9.9535996e-01  -3.5951127e-01   6.1900132e-01   1.3468026e+00   8.5618682e-01  -6.2516741e-01   1.5617110e-01  -3.4045588e-01  -4.3439059e-01
   2.0000000e+00   8.4630473e-01   9.0275865e-01  -2.4806376e-01  -2.9235191e-01   5.0496761e-01  -4.4267397e-01  -9.7827321e-02  -8.0862790e-01   1.2512201e+00  -3.7742159e-01
   2.0000000e+00   1.3949759e+00   4.1251140e-01  -2.6546217e-01   8.7514205e-01  -4.9957970e-02  -8.8662705e-03  -1.0259162e+00   1.2336030e+00  -2.9968487e-01   1.2566272e+00
   2.0000000e+00   6.7789479e-01   1.1252501e+00  -6.8534781e-01  -2.4548503e-01   2.0090882e-01   5.6044659e-01   4.6998447e-01  -3.1914726e-01  -4.7060135e-01  -4.3060024e-01
   1.0000000e+00   1.2699163e+00  -7.0742551e-01   2.2730555e-01   6.0506876e-01  -4.2048353e-01   5.4968526e-02  -6.0323841e-01  -7.2067229e-01   4.7988880e-01   3.8746661e-01
   2.0000000e+00   1.0268147e+00   8.5524139e-01  -5.3012064e-01   1.5893689e+00   1.1716584e+00   5.2445514e-01   2.7595918e-01   1.6030925e-01   7.8764330e-01   1.1455064e+00
   2.0000000e+00  -1.5200039e-01  -1.8204707e+00  -1.2264270e+00   2.0461156e-01  -2.2760200e+00  -1.0671249e+00  -2.1224474e-01  -8.8710321e-01   1.2715552e+00   6.5023907e-01
   2.0000000e+00   1.3357641e+00   1.6674717e-01  -5.7780911e-01   1.0305867e+00  -9.7017816e-01  -1.7524793e+00   2.1172208e+00  -1.8564530e-01  -6.2514383e-01   5.4963506e-01
   2.0000000e+00  -2.2113729e-01  -2.3910143e-02  -7.1959123e-01   2.2415539e+00  -1.1974628e-01   2.4946256e+00  -5.4125915e-01   1.4478119e+00  -6.0650580e-01   5.0405514e-01
   2.0000000e+00  -1.6359709e+00   5.3406879e-01  -1.3049078e+00   1.8272661e+00   8.8538985e-01   1.7962095e+00  -2.7962909e-01   1.3822719e+00   6.2134717e-01   1.0679937e-01
   2.0000000e+00   8.2722555e-01  -1.3317384e+00   5.2681130e-01  -1.4689109e-01   9.4084001e-01   1.1031459e+00   1.9075813e-01   3.8206113e-01  -2.0775189e-01   1.5034653e-01
   2.0000000e+00   6.1775504e-02  -2.0982664e-01   1.1027265e+00   2.8592297e-01  -1.5399502e-02  -5.5709393e-01  -1.1405118e+00  -7.5183577e-01   1.8275737e+00  -1.0590370e+00
   2.0000000e+00   2.8859925e-01   9.4795960e-01   2.4249985e+00  -1.0926221e+00   1.3348328e+00  -1.7577260e-01   1.0924974e-01  -4.1074390e-01   1.4051306e+00  -2.9512810e-01
